IDE DATA\MAPS\Weapons.ide
#---------------------------------------------------------------------------------------------------------------------------------------------------------------------------------------
#
# Handguns
#
#-------------------------------ranges------modelIds----slot-animgrp----ammo-dam----offset--------------skill---------------loop1--------loop2----break-flags-------old_shot_data-------
# A---------------------B-----------C----D------E---------F-----G---H-----------I----J------K-----L-----M-------N--O----P-------Q-----R--S---T---U--V---W--X----Y--------------------------
$ NAILGUN               INSTANT_HIT 25.0 30.0   12500    -1     2   silenced    30   10     0.33  0.05  -9.14   0  0    1.0     1.0   6  16  6   6  16  6  40   7001
$ NAILGUN               INSTANT_HIT 30.0 35.0   12500    -1     2   silenced    30   10     0.33  0.05  -9.14   1  500  1.25    1.2   6  16  6   6  16  6  40   7011
$ NAILGUN               INSTANT_HIT 35.0 35.0   12500    -1     2   silenced    30   10     0.33  0.05  -9.14   2  999  1.5     1.5   6  15  6   6  15  6  40   7031

$ GLOCK                 INSTANT_HIT 25.0 30.0   12501    -1     2   colt45      15   24     0.28  0.036 0.11    0  0    0.75    1.0   6  15  6   6  15  6  99   3033
$ GLOCK                 INSTANT_HIT 30.0 35.0   12501    -1     2   colt45      15   26     0.28  0.036 0.11    1  40   1.0     1.0   6  14  6   6  14  6  99   3033
$ GLOCK                 INSTANT_HIT 35.0 35.0   12501    -1     2   colt45pro   30   27     0.28  0.036 0.11    2  999  1.25    1.0   6  14  6   6  14  6  99   3833
$ GLOCK                 INSTANT_HIT 30.0 35.0   12501    -1     2   colt_cop    15   26     0.28  0.036 0.11    3  5000 1.0     1.0   6  14  6   6  14  6  99   7031

$ GLOCKSI               INSTANT_HIT 25.0 30.0   12502    -1     2   silenced    15   24     0.45  0.048 0.10    0  0    1.0     1.0   6  18  6   6  18  6  40   7001
$ GLOCKSI               INSTANT_HIT 30.0 35.0   12502    -1     2   silenced    15   26     0.45  0.048 0.10    1  500  1.25    1.2   6  16  6   6  16  6  40   7011
$ GLOCKSI               INSTANT_HIT 35.0 35.0   12502    -1     2   silenced    15   26     0.45  0.048 0.10    2  999  1.5     1.5   6  14  6   6  14  6  40   7031

$ M9                    INSTANT_HIT 25.0 30.0   12503    -1     2   colt_cop    12   34     0.33  0.04  0.12    0  0    0.75    1.0   6  18  6   6  17  6  99   7031
$ M9                    INSTANT_HIT 30.0 35.0   12503    -1     2   colt_cop    12   36     0.33  0.04  0.12    1  40   1.0     1.0   6  17  6   6  16  6  99   7031
$ M9                    INSTANT_HIT 35.0 35.0   12503    -1     2   colt_cop    12   39     0.33  0.04  0.12    2  999  1.25    1.0   6  15  6   6  15  6  99   7031
$ M9                    INSTANT_HIT 30.0 35.0   12503    -1     2   colt_cop    12   37     0.33  0.04  0.12    3  5000 1.0     1.0   6  15  6   6  15  6  99   7031

$ M9S                   INSTANT_HIT 25.0 30.0   12504    -1     2   silenced    12   33     0.53  0.05  0.15    0  0    0.75    1.0   6  18  6   6  17  6  99   7001
$ M9S                   INSTANT_HIT 30.0 35.0   12504    -1     2   silenced    12   35     0.53  0.05  0.15    1  40   1.0     1.0   6  17  6   6  16  6  99   7011
$ M9S                   INSTANT_HIT 35.0 35.0   12504    -1     2   silenced    12   36     0.53  0.05  0.15    2  999  1.25    1.0   6  15  6   6  15  6  99   7031

$ C96                   INSTANT_HIT 40.0 45.0   12505    -1     2   pythonbad   10   53     0.45  0.01  0.135   0  0    0.75    1.0   7  25  8   6  25  7  40   7001
$ C96                   INSTANT_HIT 45.0 50.0   12505    -1     2   python      10   55     0.45  0.01  0.135   1  200  1.0     1.2   6  23  7   6  23  7  40   7011
$ C96                   INSTANT_HIT 50.0 55.0   12505    -1     2   python      10   57     0.45  0.01  0.135   2  999  1.25    1.5   6  20  7   6  20  7  40   7031

$ GLOCKA                INSTANT_HIT 25.0 30.0   12506    -1     2   colt_cop    30   24     0.28  0.036 0.11    0  0    0.75    1.0   6  10  6   6  10  6  99   7031
$ GLOCKA                INSTANT_HIT 30.0 35.0   12506    -1     2   colt_cop    30   26     0.28  0.036 0.11    1  40   1.0     1.0   6  10  6   6  10  6  99   7031
$ GLOCKA                INSTANT_HIT 35.0 35.0   12506    -1     2   colt_cop    30   27     0.28  0.036 0.11    2  999  1.25    1.0   6  10  6   6  10  6  99   7031
$ GLOCKA                INSTANT_HIT 30.0 35.0   12506    -1     2   colt_cop    30   25     0.28  0.036 0.11    3  5000 1.0     1.0   6  10  6   6  10  6  99   7031

$ SNUB                  INSTANT_HIT 25.0 30.0   12507    -1     2   colt45      6    45     0.38  0.01  0.09    0  0    1.0     1.0   6  17  6   6  17  6  99   3033
$ SNUB                  INSTANT_HIT 30.0 35.0   12507    -1     2   colt45      6    46     0.38  0.01  0.09    1  40   1.20    1.0   6  16  6   6  16  6  99   3033
$ SNUB                  INSTANT_HIT 35.0 35.0   12507    -1     2   colt45      6    47     0.38  0.01  0.09    2  999  1.50    1.0   6  15  6   6  15  6  99   3033
$ SNUB                  INSTANT_HIT 30.0 35.0   12507    -1     2   colt_cop    6    45     0.38  0.01  0.09    3  5000 1.0     1.0   6  15  6   6  15  6  99   7031

$ PYTH                  INSTANT_HIT 25.0 30.0   12508    -1     2   pythonbad   6    120    0.38  0.01  0.13    0  0    0.75    1.0   7  36  8   6  30  7  40   7001
$ PYTH                  INSTANT_HIT 30.0 35.0   12508    -1     2   python      6    140    0.38  0.01  0.13    1  200  1.0     1.2   6  30  7   6  28  7  40   7011
$ PYTH                  INSTANT_HIT 35.0 35.0   12508    -1     2   python      6    160    0.38  0.01  0.12    2  999  1.25    1.5   6  28  7   6  28  7  40   7031

$ WILDEY                INSTANT_HIT 25.0 30.0   12509    -1     2   pythonbad   7    180    0.45  0.02  0.10    0  0    1.75    1.0   7  30  8   6  30  7  40   7001
$ WILDEY                INSTANT_HIT 30.0 35.0   12509    -1     2   python      7    190    0.45  0.02  0.10    1  200  3.0     1.2   6  28  7   6  28  7  40   7011
$ WILDEY                INSTANT_HIT 35.0 35.0   12509    -1     2   python      7    200    0.45  0.02  0.10    2  999  999.99  1.5   6  28  7   6  28  7  40   7031
#---------------------------------------------------------------------------------------------------------------------------------------------------------------------------------------
#
# Shotguns
#
#-------------------------------ranges------modelIds----slot-animgrp----ammo-dam----offset--------------skill---------------loop1--------loop2----break-flags-------old_shot_data-------
# A---------------------B-----------C----D------E---------F-----G---H-----------I----J------K-----L-----M-------N--O----P-------Q-----R--S---T---U--V---W--X----Y--------------------------
$ STUBBY                INSTANT_HIT 30.0 40.0   12510    -1     3   buddybad    1    24     0.61 -0.01  0.22    0  0    0.9     1.0   4  62  15  14 56  15 28   2001
$ STUBBY                INSTANT_HIT 35.0 40.0   12510    -1     3   buddy       1    25     0.61 -0.01  0.22    1  200  1.1     1.1   14 62  15  14 56  15 20   2011
$ STUBBY                INSTANT_HIT 40.0 40.0   12510    -1     3   buddy       1    26     0.61 -0.01  0.22    2  999  1.2     1.3   14 62  15  14 56  15 25   2031

$ AA12                  INSTANT_HIT 35.0 40.0   12511    -1     3   riflebad    20   13     0.85 -0.039 0.16    0  0    1.3     1.0   6  13  7   6  13  7  35   7001
$ AA12                  INSTANT_HIT 40.0 40.0   12511    -1     3   rifle       20   14     0.85 -0.039 0.16    1  200  1.5     1.0   6  12  7   6  12  7  35   7011
$ AA12                  INSTANT_HIT 40.0 40.0   12511    -1     3   rifle       20   15     0.85 -0.039 0.16    2  999  2.0     1.2   6  12  7   6  12  7  35   7031

$ 2SHOT                 INSTANT_HIT 35.0 40.0   12512    -1     3   riflebad    2    11     0.79  0.01  0.16    0  0    0.8     1.0   6  16  7   6  16  7  35   7001
$ 2SHOT                 INSTANT_HIT 40.0 40.0   12512    -1     3   rifle       2    12     0.79  0.01  0.16    1  200  0.9     1.0   6  15  7   6  15  7  35   7011
$ 2SHOT                 INSTANT_HIT 40.0 40.0   12512    -1     3   rifle       2    12     0.79  0.01  0.16    2  999  1.1     1.2   6  15  6   6  15  7  35   7031

$ USAS                  INSTANT_HIT 35.0 40.0   12513    -1     3   riflebad    10   12     0.84 -0.04  0.15    0  0    1.2     1.0   6  16  7   6  16  7  35   7001
$ USAS                  INSTANT_HIT 40.0 40.0   12513    -1     3   rifle       10   13     0.84 -0.04  0.15    1  200  1.4     1.0   6  15  7   6  15  7  35   7011
$ USAS                  INSTANT_HIT 40.0 40.0   12513    -1     3   rifle       10   14     0.84 -0.04  0.15    2  999  1.5     1.2   6  15  7   6  15  7  35   7031
#---------------------------------------------------------------------------------------------------------------------------------------------------------------------------------------
#
# Single Handed Sub-Machineguns
#
#-------------------------------ranges------modelIds----slot-animgrp----ammo-dam----offset--------------skill---------------loop1--------loop2----break-flags-------old_shot_data-------
# A---------------------B-----------C----D------E---------F-----G---H-----------I----J------K-----L-----M-------N--O----P-------Q-----R--S---T---U--V---W--X----Y--------------------------
$ SKORP                 INSTANT_HIT 25.0 30.0   12514    -1     4   colt45      20   21     0.42  0.01  0.116   0  0    0.75    1.0   6  12  6   6  12  6  99   3013
$ SKORP                 INSTANT_HIT 30.0 35.0   12514    -1     4   colt45      20   22     0.42  0.01  0.116   1  50   1.05    1.0   6  11  6   6  11  6  99   3033
$ SKORP                 INSTANT_HIT 35.0 35.0   12514    -1     4   colt45pro   40   22     0.42  0.01  0.116   2  999  1.1     1.0   6  11  6   6  11  6  99   3833

$ MP5K                  INSTANT_HIT 25.0 30.0   12515    -1     4   colt45      30   28     0.39  0.0   0.12    0  0    1.35    1.0   6  10  6   6  10  6  99   3013
$ MP5K                  INSTANT_HIT 30.0 35.0   12515    -1     4   colt45      30   29     0.39  0.0   0.12    1  50   1.55    1.0   6  10  6   6  10  6  99   3033
$ MP5K                  INSTANT_HIT 35.0 35.0   12515    -1     4   colt45pro   60   30     0.39  3.0   0.12    2  999  1.7     1.0   6  10  6   6  10  6  99   3833

$ MAC10                 INSTANT_HIT 25.0 30.0   12516    -1     4   colt45      50   22     0.29  0.01  0.11    0  0    1.35    1.0   6  9   7   6  9   7  99   3013
$ MAC10                 INSTANT_HIT 30.0 35.0   12516    -1     4   colt45      50   23     0.29  0.01  0.11    1  50   1.65    1.0   6  8   7   6  8   7  99   3033
$ MAC10                 INSTANT_HIT 35.0 35.0   12516    -1     4   colt45pro   100  24     0.29  0.01  0.11    2  999  1.8     1.0   6  8   7   6  8   7  99   3833

$ MAC10S                INSTANT_HIT 25.0 30.0   12517    -1     4   colt45      50   22     0.52  0.01  0.10    0  0    1.25    1.0   6  9   7   6  9   7  99   3013
$ MAC10S                INSTANT_HIT 30.0 35.0   12517    -1     4   colt45      50   23     0.52  0.01  0.10    1  50   1.5     1.0   6  8   7   6  8   7  99   3033
$ MAC10S                INSTANT_HIT 35.0 35.0   12517    -1     4   colt45pro   100  24     0.52  0.01  0.10    2  999  1.75    1.0   6  8   7   6  8   7  99   3833
#---------------------------------------------------------------------------------------------------------------------------------------------------------------------------------------
#
# Dual Handed Sub-Machineguns
#
#-------------------------------ranges------modelIds----slot-animgrp----ammo-dam----offset--------------skill---------------loop1--------loop2----break-flags-------old_shot_data-------
# A---------------------B-----------C----D------E---------F-----G---H-----------I----J------K-----L-----M-------N--O----P-------Q-----R--S---T---U--V---W--X----Y--------------------------
$ JATIMAC               INSTANT_HIT 35.0 40.0   12518    -1     4   uzibad      40   27     0.54 -0.02  0.20    0  0    1.25    0.9   6  9   7   6  9   6  30   7001
$ JATIMAC               INSTANT_HIT 40.0 45.0   12518    -1     4   uzibad      40   27     0.54 -0.02  0.20    1  250  1.3     1.0   6  9   7   6  9   6  30   7011
$ JATIMAC               INSTANT_HIT 45.0 45.0   12518    -1     4   uzibad      40   27     0.54 -0.02  0.20    2  999  1.45    1.1   6  9   7   6  9   6  30   7031

$ HK51                  INSTANT_HIT 35.0 40.0   12519    -1     4   riflebad    30   37     0.60 -0.02  0.14    0  0    1.15    1.1   6  9   7   6  9   6  30   7001
$ HK51                  INSTANT_HIT 40.0 45.0   12519    -1     4   rifle       30   39     0.60 -0.02  0.14    1  250  1.2     1.2   6  9   7   6  9   6  30   7011
$ HK51                  INSTANT_HIT 45.0 45.0   12519    -1     4   rifle       30   41     0.60 -0.02  0.14    2  999  1.3     1.4   6  9   7   6  9   6  30   7031

$ UZI                   INSTANT_HIT 35.0 40.0   12520    -1     4   uzibad      30   31     0.41 -0.00  0.12    0  0    1.6     1.2   6  8   6   6  8   6  30   7001
$ UZI                   INSTANT_HIT 40.0 45.0   12520    -1     4   uzi         30   32     0.41 -0.00  0.12    1  250  1.8     1.3   6  8   6   6  8   6  30   7011
$ UZI                   INSTANT_HIT 45.0 45.0   12520    -1     4   uzi         30   34     0.41 -0.00  0.12    2  999  1.95    1.5   6  8   6   6  8   6  30   7031

$ P90                   INSTANT_HIT 35.0 40.0   12521    -1     4   uzibad      50   34     0.37  0.01  0.12    0  0    999.99  1.2   6  8   6   6  8   6  30   7001
$ P90                   INSTANT_HIT 40.0 45.0   12521    -1     4   uzi         50   36     0.37  0.01  0.12    1  250  999.99  1.3   6  8   6   6  8   6  30   7011
$ P90                   INSTANT_HIT 45.0 45.0   12521    -1     4   uzi         50   39     0.37  0.01  0.12    2  999  999.99  1.5   6  8   6   6  8   6  30   7031
#---------------------------------------------------------------------------------------------------------------------------------------------------------------------------------------
#
# Assualt Rifles
#
#-------------------------------ranges------modelIds----slot-animgrp----ammo-dam----offset--------------skill---------------loop1--------loop2----break-flags-------old_shot_data-------
# A---------------------B-----------C----D------E---------F-----G---H-----------I----J------K-----L-----M-------N--O----P-------Q-----R--S---T---U--V---W--X----Y--------------------------
$ RUGER                 INSTANT_HIT 40.0 70.0   12522    -1     5   riflebad    30   23     0.98 -0.05  0.17    0  0    0.40    0.9   6  11  7   6  11  7  99   7001
$ RUGER                 INSTANT_HIT 45.0 70.0   12522    -1     5   rifle       30   25     0.98 -0.05  0.18    1  200  0.50    1.0   6  11  7   6  11  7  99   7011
$ RUGER                 INSTANT_HIT 50.0 70.0   12522    -1     5   rifle       30   26     0.98 -0.05  0.18    2  999  0.55    1.1   6  11  7   6  11  7  99   7031

$ FAMAS                 INSTANT_HIT 40.0 90.0   12523    -1     5   riflebad    25   35     0.66 -0.016 0.17    0  0    0.95    0.9   6  8   6   6  8   6  99   7001
$ FAMAS                 INSTANT_HIT 45.0 90.0   12523    -1     5   rifle       25   37     0.66 -0.016 0.17    1  200  1.15    1.0   6  8   6   6  8   6  99   7011
$ FAMAS                 INSTANT_HIT 50.0 90.0   12523    -1     5   rifle       25   38     0.66 -0.016 0.17    2  999  1.30    1.1   6  8   6   6  8   6  99   7031

$ M16                   INSTANT_HIT 40.0 90.0   12524    -1     5   riflebad    30   31     0.89 -0.05  0.12    0  0    0.65    0.9   6  8   7   6  8   7  99   7001
$ M16                   INSTANT_HIT 45.0 90.0   12524    -1     5   rifle       30   33     0.89 -0.047 0.12    1  200  0.75    1.0   6  8   7   6  8   7  99   7011
$ M16                   INSTANT_HIT 50.0 90.0   12524    -1     5   rifle       30   35     2.89 -0.047 0.12    2  999  0.90    1.1   6  8   7   6  8   7  99   7031

$ AUG                   INSTANT_HIT 40.0 100.0  12525    -1     5   riflebad    60   40     0.73 -0.033 0.16    0  0    0.45    0.9   8  12  9   8  12  9  99   7001
$ AUG                   INSTANT_HIT 45.0 100.0  12525    -1     5   rifle       60   43     0.73 -0.033 0.16    1  200  0.65    1.0   8  12  9   8  12  9  99   7011
$ AUG                   INSTANT_HIT 50.0 100.0  12525    -1     5   rifle       60   45     0.73 -0.033 0.16    2  999  999.99  1.1   8  11  9   8  11  9  99   7031
#---------------------------------------------------------------------------------------------------------------------------------------------------------------------------------------
#
# Sniper Rifles
#
#-------------------------------ranges------modelIds----slot-animgrp----ammo-dam----offset--------------skill---------------loop1--------loop2----break-flags-------old_shot_data-------
# A---------------------B-----------C----D------E---------F-----G---H-----------I----J------K-----L-----M-------N--O----P-------Q-----R--S---T---U--V---W--X----Y--------------------------
$ M21                   INSTANT_HIT 50.0 160.0  12526    -1     6   sniper      20   50     0.88 -0.04  0.2     1  300  1.0     1.0   6  21  7   6  21  7  99   A014

$ SVD                   INSTANT_HIT 60.0 100.0  12527    -1     6   sniper      10   125    0.98 -0.07  0.20    1  300  1.0     1.0   6  17  7   6  17  7  99   A014

$ SR9T                  INSTANT_HIT 60.0 100.0  12528    -1     6   sniper      7    185    0.77 -0.05  0.18    1  300  1.0     1.0   6  17  7   6  17  7  99   A014

$ M82                   INSTANT_HIT 70.0 150.0  12529    -1     6   sniper      10   8200   0.9  -0.05  0.2     1  300  1.0     1.0   6  21  7   6  22  7  99   A014
#---------------------------------------------------------------------------------------------------------------------------------------------------------------------------------------
#
# Heavy Machineguns
#
#-------------------------------ranges------modelIds----slot-animgrp----ammo-dam----offset--------------skill---------------loop1--------loop2----break-flags-------old_shot_data-------
# A---------------------B-----------C----D------E---------F-----G---H-----------I----J------K-----L-----M-------N--O----P-------Q-----R--S---T---U--V---W--X----Y--------------------------
$ GRENLANC              INSTANT_HIT 70.0 80.0   12530    -1     7   buddy       1    10     0.74 -0.04  0.13    0  0    1.40    0.85  6  22  7   6  21  7  99   7031

$ M249                  INSTANT_HIT 40.0 90.0   12531    -1     7   riflebad    200  126    0.97 -0.01  0.22    0  0    2.35    0.9   6  8   6   6  8   6  99   7001
$ M249                  INSTANT_HIT 45.0 90.0   12531    -1     7   riflebad    200  128    0.97 -0.01  0.22    1  200  2.85    1.0   6  8   6   6  8   6  99   7011
$ M249                  INSTANT_HIT 50.0 90.0   12531    -1     7   rifle       200  129    0.97 -0.01  0.22    2  999  999.99  1.1   6  8   6   6  8   6  99   7031

$ M60                   INSTANT_HIT 40.0 180.0  12532    -1     7   riflebad    100  160    1.00 -0.027 0.24    0  0    0.75    0.9   6  10  6   6  10  6  99   7001
$ M60                   INSTANT_HIT 45.0 180.0  12532    -1     7   riflebad    100  180    0.99 -0.025 0.26    1  200  1.65    1.0   6  10  6   6  10  6  99   7011
$ M60                   INSTANT_HIT 50.0 180.0  12532    -1     7   rifle       100  190    0.99 -0.025 0.26    2  999  999.99  1.1   6  10  6   6  10  6  99   7031

$ MGL                   INSTANT_HIT 80.0 90.0   12533    -1     7   rifle       6    10     0.14  0.00  0.13    0  0    1.80    0.85  6  16  6   6  15  6  99   7031
#----------------------------------------------------------------------------------------------------------------------------------------------------------------------------------------------------------------------------------------------------------------------------------------------------------------------------------------
# A = Weapon name
# B = Weapon Type = MELEE for fighting weapons|INSTANT_HIT for guns|PROJECTILE for grenades|AREA_EFFECT for spreading fire like Extinguisher|CAMERA for only cameras?|USE for interactive weapons like Detonator
# C = Useless Parameter / D = accuracy/distance 
# E = Model ID
# F = Unknown
#----------------------------------------------------------------------------------------------------------------------------------------------------------------------------------------------------------------------------------------------------------------------------------------------------------------------------------------
# G = Category:- [Common Flags given below] 
# 1 = Melee, 
# 2 = Pistols, 
# 3 = Shotguns, 
# 4 = Sub Machine Guns, 
# 5 = Assault Rifles, 
# 6 = Snipers, 
# 7 = Heavy Weapons, 
# 8 = Throwns, 
# 9 = Especials, 
# 10 = Gifts, 
# 11 = Binoculars, 
# 12 = Detonator
#----------------------------------------------------------------------------------------------------------------------------------------------------------------------------------------------------------------------------------------------------------------------------------------------------------------------------------------
# H = Animation group (Depend from "default.ide/weapons.ide") all animations available in "Gun Aiming Offsets"
# I = Amount of ammo (0-100)
# J = Ammo damage (fire = 0-200|melee = 0-199/X199)
# K = Muzzle Fire "X"
# L = Muzzle Fire "Y"
# M = Muzzle Fire "Z"
# N = Skill category: 0 = Poor|1 = Gangster|2 = Hitman
# O = Amount of skill required for increase of level
# P = Crosshair max size (0 = Big 999.9 = Small)
# Q = Speed movement when aim
# S = Fire speed ( 7- ? ) Higher value is slow, and menor value is fast
# R / T = anim loop (0 - 24) Low number = Fast|High number = Slow)
# V = Fire speed when crouch ( 7 - ? )
# U / W = anim loop when crouch (0 - 24) Low number = Fast|High number = Slow)
# X = Time it takes for CJ to accelerate after aiming a weapon (Unnoticeable). 99 between 0 milliseconds.
#----------------------------------------------------------------------------------------------------------------------------------------------------------------------------------------------------------------------------------------------------------------------------------------------------------------------------------------
# Y = Unknown:- [Common Flags given below]
# 7001 - 7011 - 7031 = Reload anim
# 2001 - 2011 - 2031 = No reload anim
# XXX3 = Free Camera (No working correctly in all weapons)
# X8XX = Doubles|X4XX = Turbo (Static)
# XX14 = Sniper Mode
# XXX8 = Crosshair minimun size and No Bullet Spread (Crosshair Never move + Bullets never go in different directions Like Minigun.)
#----------------------------------------------------------------------------------------------------------------------------------------------------------------------------------------------------------------------------------------------------------------------------------------------------------------------------------------